704.226100, 0.079115
704.236100, 0.079195
704.246100, 0.079275
704.256100, 0.079355
704.266100, 0.079435
704.276100, 0.079516
704.286100, 0.079596
704.296100, 0.079676
704.306100, 0.079756
704.316100, 0.079837
704.326100, 0.079917
704.336100, 0.079997
704.346100, 0.080077
704.356100, 0.080157
704.366100, 0.080238
704.376100, 0.080318
704.386100, 0.080398
704.396100, 0.080478
704.406100, 0.080558
704.416100, 0.080639
704.426100, 0.080719
704.436100, 0.080799
704.446100, 0.080879
704.456100, 0.080959
704.466100, 0.081040
704.476100, 0.081120
704.486100, 0.081200
704.496100, 0.081280
704.506100, 0.081361
704.516100, 0.081441
704.526100, 0.081521
704.536100, 0.081601
704.546100, 0.081681
704.556100, 0.081762
704.566100, 0.081842
704.576100, 0.081922
704.586100, 0.082002
704.596100, 0.082082
704.606100, 0.082163
704.616100, 0.082243
704.626100, 0.082323
704.636100, 0.082403
704.646100, 0.082483
704.656100, 0.082564
704.666100, 0.082644
704.676100, 0.082724
704.686100, 0.082804
704.696100, 0.082884
704.706100, 0.082965
704.716100, 0.083045
704.726100, 0.083125
704.736100, 0.083205
704.746100, 0.083286
704.756100, 0.083366
704.766100, 0.083446
704.776100, 0.083526
704.786100, 0.083606
704.796100, 0.083687
704.806100, 0.083767
704.816100, 0.083847
704.826100, 0.083927
704.836100, 0.084005
704.846100, 0.084060
704.856100, 0.084115
704.866100, 0.084171
704.876100, 0.084226
704.886100, 0.084281
704.896100, 0.084336
704.906100, 0.084392
704.916100, 0.084447
704.926100, 0.084502
704.936100, 0.084557
704.946100, 0.084613
704.956100, 0.084668
704.966100, 0.084723
704.976100, 0.084778
704.986100, 0.084833
704.996100, 0.084889
705.006100, 0.084944
705.016100, 0.084999
705.026100, 0.085054
705.036100, 0.085110
705.046100, 0.085165
705.056100, 0.085220
705.066100, 0.085275
705.076100, 0.085331
705.086100, 0.085386
705.096100, 0.085441
705.106100, 0.085496
705.116100, 0.085551
705.126100, 0.085607
705.136100, 0.085662
705.146100, 0.085717
705.156100, 0.085772
705.166100, 0.085828
705.176100, 0.085883
705.186100, 0.085938
705.196100, 0.085993
705.206100, 0.086049
705.216100, 0.086104
705.226100, 0.086159
705.236100, 0.086214
705.246100, 0.086269
705.256100, 0.086325
705.266100, 0.086380
705.276100, 0.086435
705.286100, 0.086490
705.296100, 0.086546
705.306100, 0.086601
705.316100, 0.086656
705.326100, 0.086711
705.336100, 0.086767
705.346100, 0.086822
705.356100, 0.086877
705.366100, 0.086932
705.376100, 0.086988
705.386100, 0.087043
705.396100, 0.087098
705.406100, 0.087153
705.416100, 0.087208
705.426100, 0.087264
705.436100, 0.087319
705.446100, 0.087417
705.456100, 0.087671
705.466100, 0.087926
705.476100, 0.088181
705.486100, 0.088435
705.496100, 0.088690
705.506100, 0.088945
705.516100, 0.089199
705.526100, 0.089454
705.536100, 0.089709
705.546100, 0.089963
705.556100, 0.090218
705.566100, 0.090473
705.576100, 0.090727
705.586100, 0.090982
705.596100, 0.091236
705.606100, 0.091491
705.616100, 0.091746
705.626100, 0.092000
705.636100, 0.092255
705.646100, 0.092510
705.656100, 0.092764
705.666100, 0.093019
705.676100, 0.093274
705.686100, 0.093528
705.696100, 0.093783
705.706100, 0.094038
705.716100, 0.094292
705.726100, 0.094547
705.736100, 0.094801
705.746100, 0.095056
705.756100, 0.095311
705.766100, 0.095565
705.776100, 0.095820
705.786100, 0.096075
705.796100, 0.096329
705.806100, 0.096584
705.816100, 0.096839
705.826100, 0.097093
705.836100, 0.097348
705.846100, 0.097602
705.856100, 0.097857
705.866100, 0.098112
705.876100, 0.098366
705.886100, 0.098621
705.896100, 0.098876
705.906100, 0.099130
705.916100, 0.099385
705.926100, 0.099640
705.936100, 0.099894
705.946100, 0.100149
705.956100, 0.100404
705.966100, 0.100658
705.976100, 0.100913
705.986100, 0.101167
705.996100, 0.101422
706.006100, 0.101677
706.016100, 0.101931
706.026100, 0.102186
706.036100, 0.102441
706.046100, 0.102695
706.056100, 0.102959
706.066100, 0.103264
706.076100, 0.103568
706.086100, 0.103872
706.096100, 0.104177
706.106100, 0.104481
706.116100, 0.104785
706.126100, 0.105090
706.136100, 0.105394
706.146100, 0.105698
706.156100, 0.106003
706.166100, 0.106307
706.176100, 0.106611
706.186100, 0.106916
706.196100, 0.107220
706.206100, 0.107525
706.216100, 0.107829
706.226100, 0.108133
706.236100, 0.108438
706.246100, 0.108742
706.256100, 0.109046
706.266100, 0.109351
706.276100, 0.109655
706.286100, 0.109959
706.296100, 0.110264
706.306100, 0.110568
706.316100, 0.110872
706.326100, 0.111177
706.336100, 0.111481
706.346100, 0.111785
706.356100, 0.112090
706.366100, 0.112394
706.376100, 0.112698
706.386100, 0.113003
706.396100, 0.113307
706.406100, 0.113611
706.416100, 0.113916
706.426100, 0.114220
706.436100, 0.114525
706.446100, 0.114829
706.456100, 0.115133
706.466100, 0.116349
706.476100, 0.118548
706.486100, 0.120747
706.496100, 0.122946
706.506100, 0.125145
706.516100, 0.127344
706.526100, 0.129543
706.536100, 0.131742
706.546100, 0.133941
706.556100, 0.136140
706.566100, 0.138261
706.576100, 0.139414
706.586100, 0.140567
706.596100, 0.141720
706.606100, 0.142873
706.616100, 0.144025
706.626100, 0.145178
706.636100, 0.146331
706.646100, 0.147484
706.656100, 0.148637
706.666100, 0.149790
706.676100, 0.150942
706.686100, 0.152095
706.696100, 0.153248
706.706100, 0.154401
706.716100, 0.155554
706.726100, 0.156706
706.736100, 0.157859
706.746100, 0.159012
706.756100, 0.160165
706.766100, 0.161318
706.776100, 0.162471
706.786100, 0.163623
706.796100, 0.164776
706.806100, 0.165929
706.816100, 0.167082
706.826100, 0.168235
706.836100, 0.169387
706.846100, 0.170540
706.856100, 0.171693
706.866100, 0.172846
706.876100, 0.174419
706.886100, 0.177333
706.896100, 0.180247
706.906100, 0.183162
706.916100, 0.186076
706.926100, 0.188990
706.936100, 0.191905
706.946100, 0.194819
706.956100, 0.197733
706.966100, 0.200648
706.976100, 0.203562
706.986100, 0.206476
706.996100, 0.209391
707.006100, 0.212305
707.016100, 0.214976
707.026100, 0.216889
707.036100, 0.218802
707.046100, 0.220715
707.056100, 0.222628
707.066100, 0.224541
707.076100, 0.226454
707.086100, 0.228367
707.096100, 0.230280
707.106100, 0.232193
707.116100, 0.234106
707.126100, 0.236019
707.136100, 0.237932
707.146100, 0.239844
707.156100, 0.241757
707.166100, 0.243670
707.176100, 0.245583
707.186100, 0.247496
707.196100, 0.249409
707.206100, 0.251322
707.216100, 0.253235
707.226100, 0.255270
707.236100, 0.257426
707.246100, 0.259582
707.256100, 0.261738
707.266100, 0.263895
707.276100, 0.266051
707.286100, 0.268207
707.296100, 0.270363
707.306100, 0.272519
707.316100, 0.274676
707.326100, 0.276832
707.336100, 0.278988
707.346100, 0.281144
707.356100, 0.283300
707.366100, 0.285457
707.376100, 0.287613
707.386100, 0.289769
707.396100, 0.305676
707.406100, 0.324750
707.416100, 0.333998
707.426100, 0.343245
707.436100, 0.352046
707.446100, 0.356003
707.456100, 0.359960
707.466100, 0.363918
707.476100, 0.367875
707.486100, 0.371832
707.496100, 0.375789
707.506100, 0.379746
707.516100, 0.383703
707.526100, 0.387660
707.536100, 0.391617
707.546100, 0.395574
707.556100, 0.399531
707.566100, 0.403488
707.576100, 0.407445
707.716100, 0.425593
707.726100, 0.430641
707.736100, 0.435690
707.746100, 0.440739
707.756100, 0.445788
707.766100, 0.450837
707.776100, 0.455885
707.786100, 0.460934
707.796100, 0.465983
707.806100, 0.471032
707.816100, 0.476081
707.826100, 0.515232
707.836100, 0.559623
707.846100, 0.561067
707.856100, 0.562511
707.866100, 0.563955
707.876100, 0.565399
707.886100, 0.566843
707.896100, 0.568287
707.906100, 0.569732
707.916100, 0.571176
707.926100, 0.572620
707.936100, 0.574064
707.946100, 0.575508
707.956100, 0.576952
707.966100, 0.578396
707.976100, 0.579840
707.986100, 0.581284
707.996100, 0.582728
708.006100, 0.584172
708.016100, 0.585616
708.026100, 0.587060
708.036100, 0.588504
708.046100, 0.663010
708.056100, 0.671064
708.066100, 0.673688
708.076100, 0.676313
708.086100, 0.678937
708.096100, 0.681561
708.106100, 0.684186
708.116100, 0.686810
708.126100, 0.689434
708.136100, 0.692059
708.146100, 0.694683
708.156100, 0.697004
708.166100, 0.698988
708.176100, 0.700973
708.186100, 0.702958
708.196100, 0.704942
708.206100, 0.706927
708.216100, 0.708912
708.226100, 0.710896
708.236100, 0.712881
708.246100, 0.714866
708.256100, 0.724788
708.266100, 0.748909
708.276100, 0.757796
708.286100, 0.766684
708.296100, 0.775347
708.306100, 0.777375
708.316100, 0.779403
708.326100, 0.781430
708.336100, 0.783458
708.346100, 0.785485
708.356100, 0.787513
708.366100, 0.789541
708.376100, 0.791568
708.386100, 0.793596
708.396100, 0.795623
708.406100, 0.797651
708.416100, 0.799679
708.426100, 0.801706
708.436100, 0.803734
708.446100, 0.805761
708.456100, 0.807789
708.466100, 0.809817
708.476100, 0.837277
708.486100, 0.846164
708.496100, 0.855051
708.506100, 0.863939
708.516100, 0.868197
708.526100, 0.870353
708.536100, 0.872509
708.546100, 0.874665
708.556100, 0.876821
708.566100, 0.878978
708.576100, 0.881134
708.586100, 0.883290
708.596100, 0.885446
708.606100, 0.887602
708.616100, 0.889759
708.626100, 0.891915
708.636100, 0.894071
708.646100, 0.896227
708.656100, 0.898383
708.666100, 0.900540
708.676100, 0.902696
708.686100, 0.907156
708.696100, 0.915862
708.706100, 0.924568
708.716100, 0.933274
708.726100, 0.937057
708.736100, 0.937431
708.746100, 0.937804
708.756100, 0.938178
708.766100, 0.938551
708.776100, 0.938924
708.786100, 0.939298
708.796100, 0.939671
708.806100, 0.940045
708.816100, 0.940418
708.826100, 0.940792
708.836100, 0.941165
708.846100, 0.941539
708.856100, 0.941912
708.866100, 0.942286
708.876100, 0.942659
708.886100, 0.943033
708.896100, 0.943406
708.906100, 0.943780
708.916100, 0.944153
708.926100, 0.944527
708.936100, 0.944900
708.946100, 0.945274
708.956100, 0.945647
708.966100, 0.946021
708.976100, 0.946394
708.986100, 0.946768
708.996100, 0.947141
709.006100, 0.947515
709.016100, 0.947888
709.026100, 0.948262
709.036100, 0.948635
709.046100, 0.949009
709.056100, 0.949382
709.066100, 0.949756
709.076100, 0.950129
709.086100, 0.950503
709.096100, 0.950876
709.106100, 0.951250
709.116100, 0.951623
709.126100, 0.951997
709.136100, 0.952370
709.146100, 0.952744
709.156100, 0.953117
709.166100, 0.953490
709.176100, 0.953864
709.186100, 0.954237
709.196100, 0.954507
709.206100, 0.953169
709.216100, 0.951831
709.226100, 0.950493
709.236100, 0.949156
709.246100, 0.947818
709.256100, 0.946480
709.266100, 0.945142
709.276100, 0.943804
709.286100, 0.942466
709.296100, 0.941128
709.306100, 0.939790
709.316100, 0.938452
709.326100, 0.937114
709.336100, 0.935776
709.346100, 0.934438
709.356100, 0.933100
709.366100, 0.931762
709.376100, 0.930424
709.386100, 0.929086
709.396100, 0.927748
709.406100, 0.926410
709.416100, 0.925072
709.426100, 0.923734
709.436100, 0.922396
709.446100, 0.921058
709.456100, 0.919720
709.466100, 0.917618
709.476100, 0.914513
709.486100, 0.911408
709.496100, 0.908303
709.506100, 0.905198
709.516100, 0.902093
709.526100, 0.898988
709.536100, 0.895883
709.546100, 0.892778
709.556100, 0.889674
709.566100, 0.886569
709.576100, 0.883464
709.586100, 0.880359
709.596100, 0.877254
709.676100, 0.873334
709.736100, 0.866996
709.746100, 0.861746
709.756100, 0.856496
709.766100, 0.851246
709.776100, 0.845996
709.786100, 0.840746
709.796100, 0.835496
709.806100, 0.830246
709.816100, 0.824996
709.826100, 0.819746
709.836100, 0.814496
709.846100, 0.809246
709.906100, 0.806139
709.966100, 0.802738
709.976100, 0.798242
709.986100, 0.793746
709.996100, 0.789250
710.006100, 0.784754
710.016100, 0.780259
710.026100, 0.775763
710.036100, 0.771267
710.046100, 0.766771
710.056100, 0.762275
710.066100, 0.757779
710.076100, 0.753283
710.086100, 0.749149
710.096100, 0.746700
710.106100, 0.744251
710.116100, 0.741802
710.126100, 0.739353
710.136100, 0.736904
710.146100, 0.734455
710.156100, 0.732006
710.166100, 0.729557
710.176100, 0.727107
710.186100, 0.724658
710.196100, 0.722209
710.206100, 0.719760
710.216100, 0.717311
710.226100, 0.714862
710.236100, 0.712413
710.246100, 0.709964
710.256100, 0.707621
710.266100, 0.705314
710.276100, 0.703008
710.286100, 0.700701
710.296100, 0.698395
710.306100, 0.696088
710.316100, 0.693782
710.326100, 0.691475
710.336100, 0.689169
710.346100, 0.686863
710.356100, 0.684556
710.366100, 0.682250
710.376100, 0.679943
710.386100, 0.677637
710.396100, 0.675330
710.406100, 0.673024
710.416100, 0.670717
710.426100, 0.668411
710.436100, 0.666104
710.446100, 0.663798
710.456100, 0.661492
710.466100, 0.659185
710.476100, 0.656879
710.556100, 0.653695
710.566100, 0.649646
710.576100, 0.645597
710.586100, 0.641547
710.596100, 0.637498
710.606100, 0.633449
710.616100, 0.629399
710.626100, 0.625350
710.636100, 0.621301
710.646100, 0.617693
710.656100, 0.615489
710.666100, 0.613284
710.676100, 0.611079
710.686100, 0.608874
710.696100, 0.606669
710.706100, 0.604464
710.716100, 0.602260
710.726100, 0.600055
710.736100, 0.597850
710.746100, 0.595645
710.756100, 0.593440
710.766100, 0.591235
710.776100, 0.589031
710.876100, 0.581904
710.946100, 0.579317
710.956100, 0.577404
710.966100, 0.575492
710.976100, 0.573579
710.986100, 0.571666
710.996100, 0.569754
711.006100, 0.567841
711.016100, 0.565929
711.026100, 0.564016
711.036100, 0.562104
711.046100, 0.560191
711.056100, 0.558278
711.066100, 0.556366
711.076100, 0.554453
711.086100, 0.552541
711.096100, 0.550628
711.106100, 0.548716
711.116100, 0.546803
711.126100, 0.544890
711.136100, 0.542978
711.146100, 0.541065
711.156100, 0.539153
711.166100, 0.537240
711.176100, 0.535400
711.186100, 0.534110
711.196100, 0.532821
711.206100, 0.531531
711.216100, 0.530242
711.226100, 0.528952
711.236100, 0.527662
711.246100, 0.526373
711.256100, 0.525083
711.266100, 0.523793
711.276100, 0.522504
711.286100, 0.521214
711.296100, 0.519924
711.306100, 0.518635
711.316100, 0.517345
711.326100, 0.516056
711.336100, 0.514766
711.346100, 0.513476
711.356100, 0.512187
711.366100, 0.510897
711.376100, 0.509607
711.386100, 0.508318
711.396100, 0.507028
711.406100, 0.505738
711.416100, 0.504449
711.426100, 0.503159
711.436100, 0.501870
711.446100, 0.500580
711.456100, 0.499290
711.466100, 0.498001
711.476100, 0.496579
711.486100, 0.494367
711.496100, 0.492155
711.506100, 0.489944
711.516100, 0.487732
711.526100, 0.485521
711.536100, 0.483309
711.546100, 0.481097
711.556100, 0.478886
711.566100, 0.476674
711.576100, 0.474463
711.586100, 0.472251
711.596100, 0.470039
711.606100, 0.467828
711.616100, 0.465616
711.626100, 0.463405
711.636100, 0.461193
711.646100, 0.459974
711.656100, 0.459253
711.666100, 0.458531
711.676100, 0.457810
711.686100, 0.457089
711.696100, 0.456368
711.706100, 0.455647
711.716100, 0.454925
711.726100, 0.454204
711.736100, 0.453483
711.746100, 0.452762
711.756100, 0.452040
711.766100, 0.451319
711.776100, 0.450598
711.786100, 0.449877
711.796100, 0.449155
711.806100, 0.448434
711.816100, 0.447713
711.826100, 0.446992
711.836100, 0.446271
711.846100, 0.445549
711.856100, 0.444828
711.866100, 0.444107
711.876100, 0.443386
711.886100, 0.442664
711.896100, 0.441943
711.906100, 0.441222
711.916100, 0.440501
711.926100, 0.439780
711.936100, 0.439058
711.946100, 0.438337
711.956100, 0.437616
711.966100, 0.436895
711.976100, 0.435899
711.986100, 0.433275
711.996100, 0.430651
712.006100, 0.428027
712.016100, 0.425403
712.026100, 0.422778
712.036100, 0.420154
712.046100, 0.417530
712.056100, 0.414906
712.066100, 0.412282
712.076100, 0.410243
712.086100, 0.409547
712.096100, 0.408851
712.106100, 0.408155
712.116100, 0.407458
712.126100, 0.406762
712.136100, 0.406066
712.146100, 0.405370
712.156100, 0.404673
712.166100, 0.403977
712.176100, 0.403281
712.186100, 0.402585
712.196100, 0.401888
712.206100, 0.401192
712.216100, 0.400496
712.226100, 0.399800
712.236100, 0.399103
712.246100, 0.398407
712.256100, 0.397711
712.266100, 0.397015
712.276100, 0.396318
712.286100, 0.395622
712.296100, 0.394926
712.306100, 0.394229
712.316100, 0.393533
712.326100, 0.392837
712.336100, 0.392141
712.346100, 0.391444
712.356100, 0.390748
712.366100, 0.390052
712.376100, 0.389356
712.386100, 0.388659
712.396100, 0.387963
712.406100, 0.387267
712.416100, 0.386571
712.426100, 0.385874
712.436100, 0.385178
712.446100, 0.384491
712.456100, 0.383815
712.466100, 0.383140
712.476100, 0.382464
712.486100, 0.381789
712.496100, 0.381113
712.506100, 0.380438
712.516100, 0.379762
712.526100, 0.379087
712.536100, 0.378411
712.546100, 0.377736
712.556100, 0.377061
712.566100, 0.376385
712.576100, 0.375710
712.586100, 0.375034
712.596100, 0.374359
712.606100, 0.373683
712.616100, 0.373008
712.626100, 0.372332
712.636100, 0.371657
712.646100, 0.370981
712.656100, 0.370306
712.666100, 0.369630
712.676100, 0.368955
712.686100, 0.368280
712.696100, 0.367604
712.706100, 0.366929
712.716100, 0.366253
712.726100, 0.365578
712.736100, 0.364902
712.746100, 0.364227
712.756100, 0.363551
712.766100, 0.362876
712.776100, 0.362200
712.786100, 0.361525
712.796100, 0.360849
712.806100, 0.360174
712.816100, 0.359499
712.826100, 0.358823
712.836100, 0.358148
712.846100, 0.357502
712.856100, 0.357002
712.866100, 0.356503
712.876100, 0.356003
712.886100, 0.355503
712.896100, 0.355003
712.906100, 0.354503
712.916100, 0.354003
712.926100, 0.353503
712.936100, 0.353003
712.946100, 0.352503
712.956100, 0.352003
712.966100, 0.351504
712.976100, 0.351004
712.986100, 0.350504
712.996100, 0.350004
713.006100, 0.349504
713.016100, 0.349004
713.026100, 0.348504
713.036100, 0.348004
713.046100, 0.347504
713.056100, 0.347004
713.066100, 0.346505
713.076100, 0.346005
713.086100, 0.345505
713.096100, 0.345005
713.106100, 0.344505
713.116100, 0.344005
713.126100, 0.343505
713.136100, 0.343005
713.146100, 0.342505
713.156100, 0.342006
713.166100, 0.341506
713.176100, 0.341006
713.186100, 0.340506
713.196100, 0.340006
713.206100, 0.339506
713.216100, 0.339006
713.226100, 0.338506
713.236100, 0.338006
713.246100, 0.337506
713.256100, 0.337007
713.266100, 0.336507
713.276100, 0.336007
713.286100, 0.335554
713.296100, 0.335152
713.306100, 0.334750
713.316100, 0.334348
713.326100, 0.333947
713.336100, 0.333545
713.346100, 0.333143
713.356100, 0.332741
713.366100, 0.332339
713.376100, 0.331937
713.386100, 0.331535
713.396100, 0.331133
713.406100, 0.330731
713.416100, 0.330329
713.426100, 0.329928
713.436100, 0.329526
713.446100, 0.329124
713.456100, 0.328722
713.466100, 0.328320
713.476100, 0.327918
713.486100, 0.327516
713.496100, 0.327114
713.506100, 0.326712
713.516100, 0.326311
713.526100, 0.325909
713.536100, 0.325507
713.546100, 0.325105
713.556100, 0.324703
713.566100, 0.324301
713.576100, 0.323899
713.586100, 0.323497
713.596100, 0.323095
713.606100, 0.322694
713.616100, 0.322292
713.626100, 0.321890
713.636100, 0.321488
713.646100, 0.321086
713.656100, 0.320684
713.666100, 0.320282
713.676100, 0.319880
713.686100, 0.319478
713.696100, 0.319076
713.706100, 0.318675
713.716100, 0.318273
713.726100, 0.317871
713.736100, 0.317469
713.746100, 0.317067
713.756100, 0.316665
713.766100, 0.316263
713.776100, 0.315861
713.786100, 0.315462
713.796100, 0.315267
713.806100, 0.315072
713.816100, 0.314876
713.826100, 0.314681
713.836100, 0.314486
713.846100, 0.314290
713.856100, 0.314095
713.866100, 0.313900
713.876100, 0.313704
713.886100, 0.313509
713.896100, 0.313314
713.906100, 0.313118
713.916100, 0.312923
713.926100, 0.312728
713.936100, 0.312532
713.946100, 0.312337
713.956100, 0.312142
713.966100, 0.311946
713.976100, 0.311751
713.986100, 0.311556
713.996100, 0.311360
714.006100, 0.311165
714.016100, 0.310970
714.026100, 0.310774
714.036100, 0.310579
714.046100, 0.310384
714.056100, 0.310188
714.066100, 0.309993
714.076100, 0.309798
714.086100, 0.309602
714.096100, 0.309407
714.106100, 0.309212
714.116100, 0.309016
714.126100, 0.308821
714.136100, 0.308626
714.146100, 0.308430
714.156100, 0.308235
714.166100, 0.308040
714.176100, 0.307844
714.186100, 0.307649
714.196100, 0.307454
714.206100, 0.307258
714.216100, 0.307063
714.226100, 0.306868
714.236100, 0.306672
714.246100, 0.306477
714.256100, 0.306282
714.266100, 0.306086
714.276100, 0.305891
714.286100, 0.305696
714.296100, 0.305500
714.306100, 0.305305
714.316100, 0.305110
714.326100, 0.304914
714.336100, 0.304719
714.346100, 0.304524
714.356100, 0.304328
714.366100, 0.304133
714.376100, 0.303938
714.386100, 0.303742
714.396100, 0.303585
714.406100, 0.303516
714.416100, 0.303446
714.426100, 0.303376
714.436100, 0.303306
714.446100, 0.303236
714.456100, 0.303166
714.466100, 0.303096
714.476100, 0.303026
714.486100, 0.302957
714.496100, 0.302887
714.506100, 0.302817
714.516100, 0.302747
714.526100, 0.302677
714.536100, 0.302607
714.546100, 0.302537
714.556100, 0.302468
714.566100, 0.302398
714.576100, 0.302328
714.586100, 0.302258
714.596100, 0.302188
714.606100, 0.302118
714.616100, 0.302048
714.626100, 0.301978
714.636100, 0.301909
714.646100, 0.301839
714.656100, 0.301769
714.666100, 0.301699
714.676100, 0.301629
714.686100, 0.301559
714.696100, 0.301489
714.706100, 0.301419
714.716100, 0.301350
714.726100, 0.301280
714.736100, 0.301210
714.746100, 0.301140
714.756100, 0.301070
714.766100, 0.301000
714.776100, 0.300930
714.786100, 0.300861
714.796100, 0.300791
714.806100, 0.300721
714.816100, 0.300651
714.826100, 0.300581
714.836100, 0.300511
714.846100, 0.300441
714.856100, 0.300371
714.866100, 0.300302
714.876100, 0.300232
714.886100, 0.300162
714.896100, 0.300092
714.906100, 0.300022
714.916100, 0.299952
714.926100, 0.299882
714.936100, 0.299813
714.946100, 0.299743
714.956100, 0.299673
714.966100, 0.299563
714.976100, 0.299423
714.986100, 0.299282
714.996100, 0.299142
715.006100, 0.299001
715.016100, 0.298861
715.026100, 0.298721
715.036100, 0.298580
715.046100, 0.298440
715.056100, 0.298299
715.066100, 0.298159
715.076100, 0.298019
715.086100, 0.297878
715.096100, 0.297738
715.106100, 0.297597
715.116100, 0.297457
715.126100, 0.297317
715.136100, 0.297176
715.146100, 0.297036
715.156100, 0.296896
715.166100, 0.296755
715.176100, 0.296615
715.186100, 0.296474
715.196100, 0.296334
715.206100, 0.296194
715.216100, 0.296053
715.226100, 0.295913
715.236100, 0.295772
715.246100, 0.295632
715.256100, 0.295492
715.266100, 0.295351
715.276100, 0.295211
715.286100, 0.295070
715.296100, 0.294930
715.306100, 0.294790
715.316100, 0.294649
715.326100, 0.294509
715.336100, 0.294368
715.346100, 0.294228
715.356100, 0.294088
715.366100, 0.293947
715.376100, 0.293807
715.386100, 0.293666
715.396100, 0.293526
715.406100, 0.293386
715.416100, 0.293245
715.426100, 0.293105
715.436100, 0.292964
715.446100, 0.292824
715.456100, 0.292684
715.466100, 0.292543
715.476100, 0.292403
715.486100, 0.292262
715.496100, 0.292122
715.506100, 0.291982
715.516100, 0.291841
715.526100, 0.291701
715.536100, 0.291560
715.546100, 0.291420
715.556100, 0.291280
715.566100, 0.291139
715.576100, 0.290999
715.586100, 0.290858
715.596100, 0.290718
715.606100, 0.290578
715.616100, 0.290414
715.626100, 0.290244
715.636100, 0.290074
715.646100, 0.289904
715.656100, 0.289733
715.666100, 0.289563
715.676100, 0.289393
715.686100, 0.289223
715.696100, 0.289053
715.706100, 0.288882
715.716100, 0.288712
715.726100, 0.288542
715.736100, 0.288372
715.746100, 0.288201
715.756100, 0.288031
715.766100, 0.287861
715.776100, 0.287691
715.786100, 0.287521
715.796100, 0.287350
715.806100, 0.287180
715.816100, 0.287010
715.826100, 0.286840
715.836100, 0.286670
715.846100, 0.286499
715.856100, 0.286329
715.866100, 0.286159
715.876100, 0.285989
715.886100, 0.285818
715.896100, 0.285648
715.906100, 0.285478
715.916100, 0.285308
715.926100, 0.285138
715.936100, 0.284967
715.946100, 0.284797
715.956100, 0.284627
715.966100, 0.284457
715.976100, 0.284287
715.986100, 0.284116
715.996100, 0.283946
716.006100, 0.283776
716.016100, 0.283606
716.026100, 0.283436
716.036100, 0.283265
716.046100, 0.283095
716.056100, 0.282925
716.066100, 0.282755
716.076100, 0.282584
716.086100, 0.282414
716.096100, 0.282244
716.106100, 0.282074
716.116100, 0.281904
716.126100, 0.281733
716.136100, 0.281563
716.146100, 0.281393
716.156100, 0.281223
716.166100, 0.281053
716.176100, 0.280882
716.186100, 0.280712
716.196100, 0.280542
716.206100, 0.280372
716.216100, 0.280205
716.226100, 0.280110
716.236100, 0.280015
716.246100, 0.279920
716.256100, 0.279825
716.266100, 0.279730
716.276100, 0.279635
716.286100, 0.279540
716.296100, 0.279445
716.306100, 0.279350
716.316100, 0.279255
716.326100, 0.279161
716.336100, 0.279066
716.346100, 0.278971
716.356100, 0.278876
716.366100, 0.278781
716.376100, 0.278686
716.386100, 0.278591
716.396100, 0.278496
716.406100, 0.278401
716.416100, 0.278306
716.426100, 0.278211
716.436100, 0.278116
716.446100, 0.278021
716.456100, 0.277926
716.466100, 0.277831
716.476100, 0.277737
716.486100, 0.277642
716.496100, 0.277547
716.506100, 0.277452
716.516100, 0.277357
716.526100, 0.277262
716.536100, 0.277167
716.546100, 0.277072
716.556100, 0.276977
716.566100, 0.276882
716.576100, 0.276787
716.586100, 0.276692
716.596100, 0.276597
716.606100, 0.276502
716.616100, 0.276407
716.626100, 0.276313
716.636100, 0.276218
716.646100, 0.276123
716.656100, 0.276028
716.666100, 0.275933
716.676100, 0.275838
716.686100, 0.275743
716.696100, 0.275648
716.706100, 0.275553
716.716100, 0.275458
716.726100, 0.275363
716.736100, 0.275268
716.746100, 0.275173
716.756100, 0.275078
716.766100, 0.274983
716.776100, 0.274889
716.786100, 0.274794
716.796100, 0.274699
716.806100, 0.274604
716.816100, 0.274509
716.826100, 0.274414
716.836100, 0.274319
716.846100, 0.274224
716.856100, 0.274129
716.866100, 0.274034
716.876100, 0.273939
716.886100, 0.273844
716.896100, 0.273749
716.906100, 0.273654
716.916100, 0.273559
716.926100, 0.273465
716.936100, 0.273370
716.946100, 0.273275
716.956100, 0.273180
716.966100, 0.273085
716.976100, 0.272990
716.986100, 0.272895
716.996100, 0.272800
717.006100, 0.272705
717.016100, 0.272610
717.026100, 0.272515
717.036100, 0.272420
717.046100, 0.272325
717.056100, 0.272230
717.066100, 0.272135
717.076100, 0.272041
717.086100, 0.271946
717.096100, 0.271851
717.106100, 0.271756
717.116100, 0.271661
717.126100, 0.271566
717.136100, 0.271471
717.146100, 0.271376
717.156100, 0.271281
717.166100, 0.271186
717.176100, 0.271091
717.186100, 0.270996
717.196100, 0.270901
717.206100, 0.270806
717.216100, 0.270711
717.226100, 0.270617
717.236100, 0.270522
717.246100, 0.270427
717.256100, 0.270332
717.266100, 0.270237
717.276100, 0.270142
717.286100, 0.270047
717.296100, 0.269952
717.306100, 0.269857
717.316100, 0.269762
717.326100, 0.269667
717.336100, 0.269572
717.346100, 0.269477
717.356100, 0.269382
717.366100, 0.269288
717.376100, 0.269193
717.386100, 0.269098
717.396100, 0.269003
717.406100, 0.268908
717.416100, 0.268813
717.426100, 0.268718
717.436100, 0.268598
717.446100, 0.268453
717.456100, 0.268308
717.466100, 0.268163
717.476100, 0.268018
717.486100, 0.267873
717.496100, 0.267728
717.506100, 0.267583
717.516100, 0.267438
717.526100, 0.267293
717.536100, 0.267147
717.546100, 0.267002
717.556100, 0.266857
717.566100, 0.266712
717.576100, 0.266567
717.586100, 0.266422
717.596100, 0.266277
717.606100, 0.266132
717.616100, 0.265987
717.626100, 0.265841
717.636100, 0.265696
717.646100, 0.265551
717.656100, 0.265406
717.666100, 0.265261
717.676100, 0.265116
717.686100, 0.264971
717.696100, 0.264826
717.706100, 0.264681
717.716100, 0.264536
717.726100, 0.264390
717.736100, 0.264245
717.746100, 0.264100
717.756100, 0.263955
717.766100, 0.263810
717.776100, 0.263665
717.786100, 0.263520
717.796100, 0.263375
717.806100, 0.263230
717.816100, 0.263084
717.826100, 0.262939
717.836100, 0.262794
717.846100, 0.262649
717.856100, 0.262504
717.866100, 0.262359
717.876100, 0.262214
717.886100, 0.262069
717.896100, 0.261924
717.906100, 0.261779
717.916100, 0.261633
717.926100, 0.261488
717.936100, 0.261343
717.946100, 0.261198
717.956100, 0.261053
717.966100, 0.260908
717.976100, 0.260763
717.986100, 0.260618
717.996100, 0.260473
718.006100, 0.260327
718.016100, 0.260182
718.026100, 0.260037
718.036100, 0.259892
718.046100, 0.259897
718.056100, 0.259952
718.066100, 0.260007
718.076100, 0.260062
718.086100, 0.260117
718.096100, 0.260173
718.106100, 0.260228
718.116100, 0.260283
718.126100, 0.260338
718.136100, 0.260394
718.146100, 0.260449
718.156100, 0.260504
718.166100, 0.260559
718.176100, 0.260615
718.186100, 0.260670
718.196100, 0.260725
718.206100, 0.260780
718.216100, 0.260835
718.226100, 0.260891
718.236100, 0.260946
718.246100, 0.261001
718.256100, 0.261056
718.266100, 0.261112
718.276100, 0.261167
718.286100, 0.261222
718.296100, 0.261277
718.306100, 0.261333
718.316100, 0.261388
718.326100, 0.261443
718.336100, 0.261498
718.346100, 0.261554
718.356100, 0.261609
718.366100, 0.261664
718.376100, 0.261719
718.386100, 0.261774
718.396100, 0.261830
718.406100, 0.261885
718.416100, 0.261940
718.426100, 0.261995
718.436100, 0.262051
718.446100, 0.262106
718.456100, 0.262161
718.466100, 0.262216
718.476100, 0.262272
718.486100, 0.262327
718.496100, 0.262382
718.506100, 0.262437
718.516100, 0.262492
718.526100, 0.262548
718.536100, 0.262603
718.546100, 0.262658
718.556100, 0.262713
718.566100, 0.262769
718.576100, 0.262824
718.586100, 0.262879
718.596100, 0.262934
718.606100, 0.262990
718.616100, 0.263045
718.626100, 0.263100
718.636100, 0.263155
718.646100, 0.263210
718.656100, 0.263309
718.666100, 0.263414
718.676100, 0.263519
718.686100, 0.263624
718.696100, 0.263729
718.706100, 0.263835
718.716100, 0.263940
718.726100, 0.264045
718.736100, 0.264150
718.746100, 0.264255
718.756100, 0.264360
718.766100, 0.264466
718.776100, 0.264571
718.786100, 0.264676
718.796100, 0.264781
718.806100, 0.264886
718.816100, 0.264992
718.826100, 0.265097
718.836100, 0.265202
718.846100, 0.265307
718.856100, 0.265412
718.866100, 0.265517
718.876100, 0.265623
718.886100, 0.265728
718.896100, 0.265833
718.906100, 0.265938
718.916100, 0.266043
718.926100, 0.266148
718.936100, 0.266254
718.946100, 0.266359
718.956100, 0.266464
718.966100, 0.266569
718.976100, 0.266674
718.986100, 0.266779
718.996100, 0.266885
719.006100, 0.266990
719.016100, 0.267095
719.026100, 0.267200
719.036100, 0.267305
719.046100, 0.267410
719.056100, 0.267516
719.066100, 0.267621
719.076100, 0.267726
719.086100, 0.267831
719.096100, 0.267936
719.106100, 0.268041
719.116100, 0.268147
719.126100, 0.268252
719.136100, 0.268357
719.146100, 0.268462
719.156100, 0.268567
719.166100, 0.268673
719.176100, 0.268778
719.186100, 0.268883
719.196100, 0.268988
719.206100, 0.269093
719.216100, 0.269198
719.226100, 0.269304
719.236100, 0.269409
719.246100, 0.269514
719.256100, 0.269619
719.266100, 0.270012
719.276100, 0.270423
719.286100, 0.270834
719.296100, 0.271244
719.306100, 0.271655
719.316100, 0.272066
719.326100, 0.272476
719.336100, 0.272887
719.346100, 0.273298
719.356100, 0.273708
719.366100, 0.274119
719.376100, 0.274530
719.386100, 0.274940
719.396100, 0.275351
719.406100, 0.275762
719.416100, 0.276172
719.426100, 0.276583
719.436100, 0.276994
719.446100, 0.277404
719.456100, 0.277815
719.466100, 0.278226
719.476100, 0.278636
719.486100, 0.279047
719.496100, 0.279458
719.506100, 0.279868
719.516100, 0.280279
719.526100, 0.280690
719.536100, 0.281100
719.546100, 0.281511
719.556100, 0.281922
719.566100, 0.282332
719.576100, 0.282743
719.586100, 0.283154
719.596100, 0.283564
719.606100, 0.283975
719.616100, 0.284386
719.626100, 0.284796
719.636100, 0.285207
719.646100, 0.285618
719.656100, 0.286028
719.666100, 0.286439
719.676100, 0.286850
719.686100, 0.287260
719.696100, 0.287671
719.706100, 0.288082
719.716100, 0.288492
719.726100, 0.288903
719.736100, 0.289314
719.746100, 0.289724
719.756100, 0.290135
719.766100, 0.290546
719.776100, 0.290956
719.786100, 0.291367
719.796100, 0.291778
719.806100, 0.292188
719.816100, 0.292599
719.826100, 0.293010
719.836100, 0.293940
719.846100, 0.294940
719.856100, 0.295940
719.866100, 0.296940
719.876100, 0.297940
719.886100, 0.298940
719.896100, 0.299940
719.906100, 0.300940
719.916100, 0.301940
719.926100, 0.302940
719.936100, 0.303940
719.946100, 0.304940
719.956100, 0.305940
719.966100, 0.306940
719.976100, 0.307940
719.986100, 0.308940
719.996100, 0.309940
720.006100, 0.310940
720.016100, 0.311940
720.026100, 0.312940
720.036100, 0.313940
720.046100, 0.314940
720.056100, 0.315940
720.066100, 0.316940
720.076100, 0.317940
720.086100, 0.318940
720.096100, 0.319940
720.106100, 0.320940
720.116100, 0.321940
720.126100, 0.322940
720.136100, 0.323940
720.146100, 0.324940
720.156100, 0.325940
720.166100, 0.326940
720.176100, 0.327940
720.186100, 0.329032
720.196100, 0.330123
720.206100, 0.331215
720.216100, 0.332307
720.226100, 0.333399
720.236100, 0.334491
720.246100, 0.335583
720.256100, 0.336675
720.266100, 0.337767
720.276100, 0.338859
720.286100, 0.339951
720.296100, 0.341043
720.306100, 0.342134
720.316100, 0.343226
720.326100, 0.344318
720.336100, 0.345410
720.346100, 0.346502
720.356100, 0.347594
720.366100, 0.348686
720.376100, 0.349778
720.386100, 0.350870
720.396100, 0.351962
720.406100, 0.353053
720.416100, 0.354145
720.426100, 0.355237
720.436100, 0.356329
720.446100, 0.357421
720.456100, 0.358513
720.466100, 0.359605
720.476100, 0.360697
720.486100, 0.362044
720.496100, 0.364527
720.506100, 0.367010
720.516100, 0.369493
720.526100, 0.371976
720.536100, 0.374459
720.546100, 0.376942
720.556100, 0.379425
720.566100, 0.381908
720.576100, 0.384391
720.586100, 0.386874
720.596100, 0.388668
720.606100, 0.390221
720.616100, 0.391773
720.626100, 0.393326
720.636100, 0.394879
720.646100, 0.396431
720.656100, 0.397984
720.666100, 0.399537
720.676100, 0.401089
720.686100, 0.402642
720.696100, 0.404195
720.706100, 0.405748
720.716100, 0.407300
720.726100, 0.408853
720.736100, 0.410406
720.746100, 0.411958
720.756100, 0.413511
720.766100, 0.415064
720.776100, 0.416616
720.786100, 0.418169
720.796100, 0.419703
720.806100, 0.421038
720.816100, 0.422373
720.826100, 0.423708
720.836100, 0.425043
720.846100, 0.426378
720.856100, 0.427713
720.866100, 0.429048
720.876100, 0.430383
720.886100, 0.431718
720.896100, 0.433054
720.906100, 0.434389
720.916100, 0.435724
720.926100, 0.437059
720.936100, 0.438394
720.946100, 0.439729
720.956100, 0.441064
720.966100, 0.442399
720.976100, 0.443734
720.986100, 0.445069
720.996100, 0.446404
721.006100, 0.447615
721.016100, 0.448695
721.026100, 0.449775
721.036100, 0.450854
721.046100, 0.451934
721.056100, 0.453014
721.066100, 0.454093
721.076100, 0.455173
721.086100, 0.456253
721.096100, 0.457333
721.106100, 0.458412
721.116100, 0.459492
721.126100, 0.460572
721.136100, 0.461651
721.146100, 0.462731
721.156100, 0.463811
721.166100, 0.464891
721.176100, 0.465970
721.186100, 0.467050
721.196100, 0.468130
721.206100, 0.469209
721.216100, 0.470289
721.226100, 0.471369
721.236100, 0.472449
721.246100, 0.473528
721.256100, 0.474608
721.266100, 0.475688
721.276100, 0.476767
721.286100, 0.477847
721.296100, 0.478927
721.306100, 0.480006
721.316100, 0.481037
721.326100, 0.482043
721.336100, 0.483050
721.346100, 0.484056
721.356100, 0.485063
721.366100, 0.486069
721.376100, 0.487075
721.386100, 0.488082
721.396100, 0.489088
721.406100, 0.490095
721.416100, 0.491101
721.426100, 0.492108
721.436100, 0.493114
721.446100, 0.494121
721.456100, 0.495127
721.466100, 0.496134
721.476100, 0.497140
721.486100, 0.498147
721.496100, 0.499153
721.506100, 0.500160
721.516100, 0.501166
721.526100, 0.502173
721.536100, 0.503179
721.546100, 0.504185
721.556100, 0.505192
721.566100, 0.506198
721.576100, 0.507205
721.586100, 0.508211
721.596100, 0.509218
721.606100, 0.510224
721.616100, 0.511231
721.626100, 0.511530
721.636100, 0.511745
721.646100, 0.511960
721.656100, 0.512175
721.666100, 0.512390
721.676100, 0.512604
721.686100, 0.512819
721.696100, 0.513034
721.706100, 0.513249
721.716100, 0.513464
721.726100, 0.513679
721.736100, 0.513893
721.746100, 0.514108
721.756100, 0.514323
721.766100, 0.514538
721.776100, 0.514753
721.786100, 0.514968
721.796100, 0.515182
721.806100, 0.515397
721.816100, 0.515612
721.826100, 0.515827
721.836100, 0.516042
721.846100, 0.516257
721.856100, 0.516471
721.866100, 0.516686
721.876100, 0.516901
721.886100, 0.517116
721.896100, 0.517331
721.906100, 0.517546
721.916100, 0.517760
721.926100, 0.517975
721.936100, 0.518190
721.946100, 0.518405
721.956100, 0.518620
721.966100, 0.518835
721.976100, 0.519049
721.986100, 0.519264
721.996100, 0.519479
722.006100, 0.519694
722.016100, 0.519909
722.026100, 0.520123
722.036100, 0.520338
722.046100, 0.520553
722.056100, 0.520768
722.066100, 0.520983
722.076100, 0.521198
722.086100, 0.521412
722.096100, 0.521627
722.106100, 0.521842
722.116100, 0.522057
722.126100, 0.522239
722.136100, 0.521917
722.146100, 0.521596
722.156100, 0.521275
722.166100, 0.520954
722.176100, 0.520633
722.186100, 0.520312
722.196100, 0.519990
722.206100, 0.519669
722.216100, 0.519348
722.226100, 0.519027
722.236100, 0.518706
722.246100, 0.518385
722.256100, 0.518063
722.266100, 0.517742
722.276100, 0.517421
722.286100, 0.517100
722.296100, 0.516779
722.306100, 0.516458
722.316100, 0.516136
722.326100, 0.515815
722.336100, 0.515494
722.346100, 0.515173
722.356100, 0.514852
722.366100, 0.514531
722.376100, 0.514209
722.386100, 0.513888
722.396100, 0.513567
722.406100, 0.513246
722.416100, 0.512925
722.426100, 0.512604
722.436100, 0.512282
722.446100, 0.511961
722.456100, 0.511640
722.466100, 0.511319
722.476100, 0.510998
722.486100, 0.510677
722.496100, 0.510355
722.506100, 0.510034
722.516100, 0.509713
722.526100, 0.509392
722.536100, 0.509071
722.546100, 0.508750
722.556100, 0.508428
722.566100, 0.508107
722.576100, 0.507786
722.586100, 0.507465
722.596100, 0.507144
722.606100, 0.506823
722.616100, 0.506501
722.626100, 0.506180
722.636100, 0.505859
722.646100, 0.505538
722.656100, 0.505217
722.666100, 0.504896
722.676100, 0.504574
722.686100, 0.504253
722.696100, 0.503932
722.706100, 0.503611
722.716100, 0.503290
722.726100, 0.502969
722.736100, 0.502252
722.746100, 0.501040
722.756100, 0.499827
722.766100, 0.498615
722.776100, 0.497403
722.786100, 0.496190
722.796100, 0.494978
722.806100, 0.493765
722.816100, 0.492553
722.826100, 0.491341
722.836100, 0.490128
722.846100, 0.488916
722.856100, 0.487704
722.866100, 0.486491
722.876100, 0.485279
722.886100, 0.484066
722.896100, 0.482854
722.906100, 0.481642
722.916100, 0.480429
722.926100, 0.479217
722.936100, 0.478276
722.946100, 0.477677
722.956100, 0.477078
722.966100, 0.476479
722.976100, 0.475879
722.986100, 0.475280
722.996100, 0.474681
723.006100, 0.474081
723.016100, 0.473482
723.026100, 0.472883
723.036100, 0.472283
723.046100, 0.471684
723.056100, 0.471085
723.066100, 0.470486
723.076100, 0.469886
723.086100, 0.469287
723.096100, 0.468688
723.106100, 0.468088
723.116100, 0.467489
723.126100, 0.466890
723.136100, 0.466290
723.146100, 0.465691
723.156100, 0.465092
723.166100, 0.464493
723.176100, 0.463893
723.186100, 0.463294
723.196100, 0.462695
723.206100, 0.462095
723.216100, 0.461496
723.226100, 0.460897
723.236100, 0.460298
723.246100, 0.459698
723.256100, 0.459099
723.266100, 0.458500
723.276100, 0.457900
723.286100, 0.457301
723.296100, 0.456702
723.306100, 0.456102
723.316100, 0.455503
723.326100, 0.454904
723.336100, 0.454292
723.346100, 0.453617
723.356100, 0.452941
723.366100, 0.452266
723.376100, 0.451590
723.386100, 0.450915
723.396100, 0.450240
723.406100, 0.449564
723.416100, 0.448889
723.426100, 0.448213
723.436100, 0.447538
723.446100, 0.446862
723.456100, 0.446187
723.466100, 0.445511
723.476100, 0.444836
723.486100, 0.444160
723.496100, 0.443485
723.506100, 0.442809
723.516100, 0.442134
723.526100, 0.441459
723.536100, 0.440783
723.546100, 0.440108
723.556100, 0.439432
723.566100, 0.438757
723.576100, 0.438081
723.586100, 0.437406
723.596100, 0.436730
723.606100, 0.436055
723.616100, 0.435379
723.626100, 0.434704
723.636100, 0.434028
723.646100, 0.433353
723.656100, 0.432678
723.666100, 0.432002
723.676100, 0.431327
723.686100, 0.430651
723.696100, 0.429976
723.706100, 0.429300
723.716100, 0.428625
723.726100, 0.427949
723.736100, 0.427274
723.746100, 0.426853
723.756100, 0.426456
723.766100, 0.426059
723.776100, 0.425662
723.786100, 0.425266
723.796100, 0.424869
723.806100, 0.424472
723.816100, 0.424075
723.826100, 0.423678
723.836100, 0.423281
723.846100, 0.422885
723.856100, 0.422488
723.866100, 0.422091
723.876100, 0.421694
723.886100, 0.421297
723.896100, 0.420900
723.906100, 0.420503
723.916100, 0.420107
723.926100, 0.419710
723.936100, 0.419313
723.946100, 0.418916
723.956100, 0.418519
723.966100, 0.418122
723.976100, 0.417726
723.986100, 0.417329
723.996100, 0.416932
724.006100, 0.416535
724.016100, 0.416138
724.026100, 0.415741
724.036100, 0.415345
724.046100, 0.414948
724.056100, 0.414551
724.066100, 0.414154
724.076100, 0.413757
724.086100, 0.413360
724.096100, 0.412963
724.106100, 0.412567
724.116100, 0.412170
724.126100, 0.411773
724.136100, 0.411376
724.146100, 0.410979
724.156100, 0.410582
724.166100, 0.410186
724.176100, 0.409789
724.186100, 0.409392
724.196100, 0.408995
724.206100, 0.408598
724.216100, 0.408201
724.226100, 0.407804
724.236100, 0.407408
724.246100, 0.407011
724.256100, 0.406614
724.266100, 0.406217
724.276100, 0.405820
724.286100, 0.405423
724.296100, 0.405027
724.306100, 0.404630
724.316100, 0.404233
724.326100, 0.403836
724.336100, 0.403439
724.346100, 0.403025
724.356100, 0.402577
724.366100, 0.402130
724.376100, 0.401683
724.386100, 0.401235
724.396100, 0.400788
724.406100, 0.400341
724.416100, 0.399893
724.426100, 0.399446
724.436100, 0.398998
724.446100, 0.398551
724.456100, 0.398104
724.466100, 0.397656
724.476100, 0.397209
724.486100, 0.396762
724.496100, 0.396314
724.506100, 0.395867
724.516100, 0.395419
724.526100, 0.394972
724.536100, 0.394525
724.546100, 0.394077
724.556100, 0.393630
724.566100, 0.393183
724.576100, 0.392735
724.586100, 0.392288
724.596100, 0.391841
724.606100, 0.391393
724.616100, 0.390946
724.626100, 0.390498
724.636100, 0.390051
724.646100, 0.389604
724.656100, 0.389156
724.666100, 0.388709
724.676100, 0.388262
724.686100, 0.387814
724.696100, 0.387367
724.706100, 0.386919
724.716100, 0.386472
724.726100, 0.386025
724.736100, 0.385577
724.746100, 0.385130
724.756100, 0.384683
724.766100, 0.384235
724.776100, 0.383788
724.786100, 0.383341
724.796100, 0.382893
724.806100, 0.382446
724.816100, 0.381998
724.826100, 0.381551
724.836100, 0.381104
724.846100, 0.380656
724.856100, 0.380209
724.866100, 0.379762
724.876100, 0.379314
724.886100, 0.378867
724.896100, 0.378419
724.906100, 0.377972
724.916100, 0.377525
724.926100, 0.377077
724.936100, 0.376630
724.946100, 0.376183
724.956100, 0.375921
724.966100, 0.375700
724.976100, 0.375480
724.986100, 0.375260
724.996100, 0.375039
725.006100, 0.374819
725.016100, 0.374598
725.026100, 0.374378
725.036100, 0.374157
725.046100, 0.373937
725.056100, 0.373716
725.066100, 0.373496
725.076100, 0.373275
725.086100, 0.373055
725.096100, 0.372834
725.106100, 0.372614
725.116100, 0.372393
725.126100, 0.372173
725.136100, 0.371952
725.146100, 0.371732
725.156100, 0.371512
725.166100, 0.371291
725.176100, 0.371071
725.186100, 0.370850
725.196100, 0.370630
725.206100, 0.370409
725.216100, 0.370189
725.226100, 0.369968
725.236100, 0.369748
725.246100, 0.369527
725.256100, 0.369307
725.266100, 0.369086
725.276100, 0.368866
725.286100, 0.368645
725.296100, 0.368425
725.306100, 0.368204
725.316100, 0.367984
725.326100, 0.367763
725.336100, 0.367543
725.346100, 0.367323
725.356100, 0.367102
725.366100, 0.366882
725.376100, 0.366661
725.386100, 0.366441
725.396100, 0.366220
725.406100, 0.366000
725.416100, 0.365779
725.426100, 0.365559
725.436100, 0.365338
725.446100, 0.365118
725.456100, 0.364897
725.466100, 0.364677
725.476100, 0.364456
725.486100, 0.364236
725.496100, 0.364015
725.506100, 0.363795
725.516100, 0.363575
725.526100, 0.363354
725.536100, 0.363134
725.546100, 0.362913
725.556100, 0.362683
725.566100, 0.362387
725.576100, 0.362091
725.586100, 0.361795
725.596100, 0.361499
725.606100, 0.361203
725.616100, 0.360907
725.626100, 0.360611
725.636100, 0.360315
725.646100, 0.360019
725.656100, 0.359723
725.666100, 0.359427
725.676100, 0.359131
725.686100, 0.358835
725.696100, 0.358539
725.706100, 0.358243
725.716100, 0.357947
725.726100, 0.357651
725.736100, 0.357355
725.746100, 0.357059
725.756100, 0.356763
725.766100, 0.356467
725.776100, 0.356171
725.786100, 0.355876
725.796100, 0.355580
725.806100, 0.355284
725.816100, 0.354988
725.826100, 0.354692
725.836100, 0.354396
725.846100, 0.354100
725.856100, 0.353804
725.866100, 0.353508
725.876100, 0.353212
725.886100, 0.352916
725.896100, 0.352620
725.906100, 0.352324
725.916100, 0.352028
725.926100, 0.351732
725.936100, 0.351436
725.946100, 0.351140
725.956100, 0.350844
725.966100, 0.350548
725.976100, 0.350252
725.986100, 0.349956
725.996100, 0.349660
726.006100, 0.349364
726.016100, 0.349068
726.026100, 0.348772
726.036100, 0.348476
726.046100, 0.348180
726.056100, 0.347884
726.066100, 0.347588
726.076100, 0.347292
726.086100, 0.346996
726.096100, 0.346700
726.106100, 0.346404
726.116100, 0.346108
726.126100, 0.345812
726.136100, 0.345516
726.146100, 0.345221
726.156100, 0.344925
726.166100, 0.344728
726.176100, 0.344633
726.186100, 0.344538
726.196100, 0.344443
726.206100, 0.344348
726.216100, 0.344253
726.226100, 0.344158
726.236100, 0.344063
726.246100, 0.343968
726.256100, 0.343873
726.266100, 0.343778
726.276100, 0.343683
726.286100, 0.343588
726.296100, 0.343494
726.306100, 0.343399
726.316100, 0.343304
726.326100, 0.343209
726.336100, 0.343114
726.346100, 0.343019
726.356100, 0.342924
726.366100, 0.342829
726.376100, 0.342734
726.386100, 0.342639
726.396100, 0.342544
726.406100, 0.342449
726.416100, 0.342354
726.426100, 0.342259
726.436100, 0.342164
726.446100, 0.342070
726.456100, 0.341975
726.466100, 0.341880
726.476100, 0.341785
726.486100, 0.341690
726.496100, 0.341595
726.506100, 0.341500
726.516100, 0.341405
726.526100, 0.341310
726.536100, 0.341215
726.546100, 0.341120
726.556100, 0.341025
726.566100, 0.340930
726.576100, 0.340835
726.586100, 0.340740
726.596100, 0.340646
726.606100, 0.340551
726.616100, 0.340456
726.626100, 0.340361
726.636100, 0.340266
726.646100, 0.340171
726.656100, 0.340076
726.666100, 0.339981
726.676100, 0.339886
726.686100, 0.339791
726.696100, 0.339696
726.706100, 0.339601
726.716100, 0.339506
726.726100, 0.339411
726.736100, 0.339316
726.746100, 0.339222
726.756100, 0.339127
726.766100, 0.339032
726.776100, 0.338937
726.786100, 0.338842
726.796100, 0.338747
726.806100, 0.338652
726.816100, 0.338557
726.826100, 0.338462
726.836100, 0.338367
726.846100, 0.338272
726.856100, 0.338177
726.866100, 0.338082
726.876100, 0.337987
726.886100, 0.337892
726.896100, 0.337798
726.906100, 0.337703
726.916100, 0.337608
726.926100, 0.337513
726.936100, 0.337418
726.946100, 0.337323
726.956100, 0.337228
726.966100, 0.337133
726.976100, 0.337038
726.986100, 0.336943
726.996100, 0.336848
727.006100, 0.336753
727.016100, 0.336658
727.026100, 0.336563
727.036100, 0.336468
727.046100, 0.336374
727.056100, 0.336279
727.066100, 0.336184
727.076100, 0.336089
727.086100, 0.335994
727.096100, 0.335899
727.106100, 0.335804
727.116100, 0.335709
727.126100, 0.335614
727.136100, 0.335519
727.146100, 0.335424
727.156100, 0.335329
727.166100, 0.335234
727.176100, 0.335139
727.186100, 0.335044
727.196100, 0.334950
727.206100, 0.334855
727.216100, 0.334760
727.226100, 0.334665
727.236100, 0.334570
727.246100, 0.334475
727.256100, 0.334380
727.266100, 0.334285
727.276100, 0.334190
727.286100, 0.334095
727.296100, 0.334000
727.306100, 0.333905
727.316100, 0.333810
727.326100, 0.333715
727.336100, 0.333620
727.346100, 0.333526
727.356100, 0.333431
727.366100, 0.333336
727.376100, 0.333241
727.386100, 0.333146
727.396100, 0.333051
727.406100, 0.332956
727.416100, 0.332861
727.426100, 0.332766
727.436100, 0.332671
727.446100, 0.332576
727.456100, 0.332481
727.466100, 0.332386
727.476100, 0.332291
727.486100, 0.332196
727.496100, 0.332102
727.506100, 0.332007
727.516100, 0.331912
727.526100, 0.331817
727.536100, 0.331722
727.546100, 0.331627
727.556100, 0.331532
727.566100, 0.331437
727.576100, 0.331342
727.586100, 0.331247
727.596100, 0.331152
727.606100, 0.331057
727.616100, 0.330962
727.626100, 0.330867
727.636100, 0.330772
727.646100, 0.330678
727.656100, 0.330583
727.666100, 0.330488
727.676100, 0.330393
727.686100, 0.330298
727.696100, 0.330203
727.706100, 0.330108
727.716100, 0.330013
727.726100, 0.329918
727.736100, 0.329823
727.746100, 0.329728
727.756100, 0.329633
727.766100, 0.329538
727.776100, 0.329443
727.786100, 0.329348
727.796100, 0.329254
727.806100, 0.329159
727.816100, 0.329064
727.826100, 0.328969
727.836100, 0.328874
727.846100, 0.328779
727.856100, 0.328684
727.866100, 0.328589
727.876100, 0.328494
727.886100, 0.328399
727.896100, 0.328304
727.906100, 0.328209
727.916100, 0.328114
727.926100, 0.328019
727.936100, 0.327924
727.946100, 0.327830
727.956100, 0.327735
727.966100, 0.327640
727.976100, 0.327545
727.986100, 0.327466
727.996100, 0.327471
728.006100, 0.327476
728.016100, 0.327481
728.026100, 0.327487
728.036100, 0.327492
728.046100, 0.327497
728.056100, 0.327502
728.066100, 0.327508
728.076100, 0.327513
728.086100, 0.327518
728.096100, 0.327523
728.106100, 0.327529
728.116100, 0.327534
728.126100, 0.327539
728.136100, 0.327544
728.146100, 0.327550
728.156100, 0.327555
728.166100, 0.327560
728.176100, 0.327565
728.186100, 0.327570
728.196100, 0.327576
728.206100, 0.327581
728.216100, 0.327586
728.226100, 0.327591
728.236100, 0.327597
728.246100, 0.327602
728.256100, 0.327607
728.266100, 0.327612
728.276100, 0.327618
728.286100, 0.327623
728.296100, 0.327628
728.306100, 0.327633
728.316100, 0.327639
728.326100, 0.327644
728.336100, 0.327649
728.346100, 0.327654
728.356100, 0.327659
728.366100, 0.327665
728.376100, 0.327670
728.386100, 0.327675
728.396100, 0.327680
728.406100, 0.327686
728.416100, 0.327691
728.426100, 0.327696
728.436100, 0.327701
728.446100, 0.327707
728.456100, 0.327712
728.466100, 0.327717
728.476100, 0.327722
728.486100, 0.327728
728.496100, 0.327733
728.506100, 0.327738
728.516100, 0.327743
728.526100, 0.327749
728.536100, 0.327754
728.546100, 0.327759
728.556100, 0.327764
728.566100, 0.327769
728.576100, 0.327775
728.586100, 0.327780
728.596100, 0.327754
728.606100, 0.327659
728.616100, 0.327564
728.626100, 0.327469
728.636100, 0.327374
728.646100, 0.327279
728.656100, 0.327184
728.666100, 0.327090
728.676100, 0.326995
728.686100, 0.326900
728.696100, 0.326805
728.706100, 0.326710
728.716100, 0.326615
728.726100, 0.326520
728.736100, 0.326425
728.746100, 0.326330
728.756100, 0.326235
728.766100, 0.326140
728.776100, 0.326045
728.786100, 0.325950
728.796100, 0.325855
728.806100, 0.325760
728.816100, 0.325666
728.826100, 0.325571
728.836100, 0.325476
728.846100, 0.325381
728.856100, 0.325286
728.866100, 0.325191
728.876100, 0.325096
728.886100, 0.325001
728.896100, 0.324906
728.906100, 0.324811
728.916100, 0.324716
728.926100, 0.324621
728.936100, 0.324526
728.946100, 0.324431
728.956100, 0.324336
728.966100, 0.324242
728.976100, 0.324147
728.986100, 0.324052
728.996100, 0.323957
729.006100, 0.323862
729.016100, 0.323767
729.026100, 0.323672
729.036100, 0.323577
729.046100, 0.323482
729.056100, 0.323387
729.066100, 0.323292
729.076100, 0.323197
729.086100, 0.323102
729.096100, 0.323007
729.106100, 0.322912
729.116100, 0.322818
729.126100, 0.322723
729.136100, 0.322628
729.146100, 0.322533
729.156100, 0.322438
729.166100, 0.322343
729.176100, 0.322248
729.186100, 0.322153
729.196100, 0.322058
729.206100, 0.321990
729.216100, 0.321945
729.226100, 0.321900
729.236100, 0.321855
729.246100, 0.321811
729.256100, 0.321766
729.266100, 0.321721
729.276100, 0.321676
729.286100, 0.321631
729.296100, 0.321586
729.306100, 0.321542
729.316100, 0.321497
729.326100, 0.321452
729.336100, 0.321407
729.346100, 0.321362
729.356100, 0.321318
729.366100, 0.321273
729.376100, 0.321228
729.386100, 0.321183
729.396100, 0.321138
729.406100, 0.321093
729.416100, 0.321049
729.426100, 0.321004
729.436100, 0.320959
729.446100, 0.320914
729.456100, 0.320869
729.466100, 0.320825
729.476100, 0.320780
729.486100, 0.320735
729.496100, 0.320690
729.506100, 0.320645
729.516100, 0.320600
729.526100, 0.320556
729.536100, 0.320511
729.546100, 0.320466
729.556100, 0.320421
729.566100, 0.320376
729.576100, 0.320332
729.586100, 0.320287
729.596100, 0.320242
729.606100, 0.320197
729.616100, 0.320152
729.626100, 0.320107
729.636100, 0.320063
729.646100, 0.320018
729.656100, 0.319973
729.666100, 0.319928
729.676100, 0.319883
729.686100, 0.319838
729.696100, 0.319794
729.706100, 0.319749
729.716100, 0.319704
729.726100, 0.319659
729.736100, 0.319614
729.746100, 0.319570
729.756100, 0.319525
729.766100, 0.319480
729.776100, 0.319435
729.786100, 0.319390
729.796100, 0.319345
729.806100, 0.319301
729.816100, 0.319256
729.826100, 0.319211
729.836100, 0.319166
729.846100, 0.319121
729.856100, 0.319077
729.866100, 0.319032
729.876100, 0.318987
729.886100, 0.318942
729.896100, 0.318897
729.906100, 0.318852
729.916100, 0.318808
729.926100, 0.318763
729.936100, 0.318718
729.946100, 0.318673
729.956100, 0.318628
729.966100, 0.318584
729.976100, 0.318539
729.986100, 0.318494
729.996100, 0.318449
730.006100, 0.318404
730.016100, 0.318359
730.026100, 0.318315
730.036100, 0.318270
730.046100, 0.318225
730.056100, 0.318180
730.066100, 0.318135
730.076100, 0.318091
730.086100, 0.318046
730.096100, 0.318001
730.106100, 0.317956
730.116100, 0.317911
730.126100, 0.317866
730.136100, 0.317822
730.146100, 0.317777
730.156100, 0.317732
730.166100, 0.317687
730.176100, 0.317642
730.186100, 0.317598
730.196100, 0.317553
730.206100, 0.317508
730.216100, 0.317463
730.226100, 0.317418
730.236100, 0.317373
730.246100, 0.317329
730.256100, 0.317284
730.266100, 0.317239
730.276100, 0.317194
730.286100, 0.317149
730.296100, 0.317104
730.306100, 0.317060
730.316100, 0.317015
730.326100, 0.316970
730.336100, 0.316925
730.346100, 0.316880
730.356100, 0.316836
730.366100, 0.316791
730.376100, 0.316746
730.386100, 0.316701
730.396100, 0.316656
730.406100, 0.316611
730.416100, 0.316567
730.426100, 0.316567
730.436100, 0.316572
730.446100, 0.316578
730.456100, 0.316583
730.466100, 0.316588
730.476100, 0.316593
730.486100, 0.316599
730.496100, 0.316604
730.506100, 0.316609
730.516100, 0.316614
730.526100, 0.316620
730.536100, 0.316625
730.546100, 0.316630
730.556100, 0.316635
730.566100, 0.316640
730.576100, 0.316646
730.586100, 0.316651
730.596100, 0.316656
730.606100, 0.316661
730.616100, 0.316667
730.626100, 0.316672
730.636100, 0.316677
730.646100, 0.316682
730.656100, 0.316688
730.666100, 0.316693
730.676100, 0.316698
730.686100, 0.316703
730.696100, 0.316709
730.706100, 0.316714
730.716100, 0.316719
730.726100, 0.316724
730.736100, 0.316729
730.746100, 0.316735
730.756100, 0.316740
730.766100, 0.316745
730.776100, 0.316750
730.786100, 0.316756
730.796100, 0.316761
730.806100, 0.316766
730.816100, 0.316771
730.826100, 0.316777
730.836100, 0.316782
730.846100, 0.316787
730.856100, 0.316792
730.866100, 0.316798
730.876100, 0.316803
730.886100, 0.316808
730.896100, 0.316813
730.906100, 0.316819
730.916100, 0.316824
730.926100, 0.316829
730.936100, 0.316834
730.946100, 0.316839
730.956100, 0.316845
730.966100, 0.316850
730.976100, 0.316855
730.986100, 0.316860
730.996100, 0.316866
731.006100, 0.316871
731.016100, 0.316876
731.026100, 0.316877
731.036100, 0.316807
731.046100, 0.316737
731.056100, 0.316667
731.066100, 0.316598
731.076100, 0.316528
731.086100, 0.316458
731.096100, 0.316388
731.106100, 0.316318
731.116100, 0.316248
731.126100, 0.316178
731.136100, 0.316108
731.146100, 0.316039
731.156100, 0.315969
731.166100, 0.315899
731.176100, 0.315829
731.186100, 0.315759
731.196100, 0.315689
731.206100, 0.315619
731.216100, 0.315550
731.226100, 0.315480
731.236100, 0.315410
731.246100, 0.315340
731.256100, 0.315270
731.266100, 0.315200
731.276100, 0.315130
731.286100, 0.315060
731.296100, 0.314991
731.306100, 0.314921
731.316100, 0.314851
731.326100, 0.314781
731.336100, 0.314711
731.346100, 0.314641
731.356100, 0.314571
731.366100, 0.314501
731.376100, 0.314432
731.386100, 0.314362
731.396100, 0.314292
731.406100, 0.314222
731.416100, 0.314152
731.426100, 0.314082
731.436100, 0.314012
731.446100, 0.313943
731.456100, 0.313873
731.466100, 0.313803
731.476100, 0.313733
731.486100, 0.313663
731.496100, 0.313593
731.506100, 0.313523
731.516100, 0.313453
731.526100, 0.313384
731.536100, 0.313314
731.546100, 0.313244
731.556100, 0.313174
731.566100, 0.313104
731.576100, 0.313034
731.586100, 0.312964
731.596100, 0.312894
731.606100, 0.312825
731.616100, 0.312755
731.626100, 0.312685
731.636100, 0.312654
731.646100, 0.312735
731.656100, 0.312815
731.666100, 0.312895
731.676100, 0.312975
731.686100, 0.313055
731.696100, 0.313136
731.706100, 0.313216
731.716100, 0.313296
731.726100, 0.313376
731.736100, 0.313456
731.746100, 0.313537
731.756100, 0.313617
731.766100, 0.313697
731.776100, 0.313777
731.786100, 0.313857
731.796100, 0.313938
731.806100, 0.314018
731.816100, 0.314098
731.826100, 0.314178
731.836100, 0.314259
731.846100, 0.314339
731.856100, 0.314419
731.866100, 0.314499
731.876100, 0.314579
731.886100, 0.314660
731.896100, 0.314740
731.906100, 0.314820
731.916100, 0.314900
731.926100, 0.314980
731.936100, 0.315061
731.946100, 0.315141
731.956100, 0.315221
731.966100, 0.315301
731.976100, 0.315381
731.986100, 0.315462
731.996100, 0.315542
732.006100, 0.315622
732.016100, 0.315702
732.026100, 0.315782
732.036100, 0.315863
732.046100, 0.315943
732.056100, 0.316023
732.066100, 0.316103
732.076100, 0.316184
732.086100, 0.316264
732.096100, 0.316344
732.106100, 0.316424
732.116100, 0.316504
732.126100, 0.316585
732.136100, 0.316665
732.146100, 0.316745
732.156100, 0.316825
732.166100, 0.316905
732.176100, 0.316986
732.186100, 0.317066
732.196100, 0.317146
732.206100, 0.317226
732.216100, 0.317306
732.226100, 0.317387
732.236100, 0.317467
732.246100, 0.317491
732.256100, 0.317415
732.266100, 0.317338
732.276100, 0.317262
732.286100, 0.317186
732.296100, 0.317110
732.306100, 0.317034
732.316100, 0.316958
732.326100, 0.316882
732.336100, 0.316806
732.346100, 0.316729
732.356100, 0.316653
732.366100, 0.316577
732.376100, 0.316501
732.386100, 0.316425
732.396100, 0.316349
732.406100, 0.316273
732.416100, 0.316196
732.426100, 0.316120
732.436100, 0.316044
732.446100, 0.315968
732.456100, 0.315892
732.466100, 0.315816
732.476100, 0.315740
732.486100, 0.315664
732.496100, 0.315587
732.506100, 0.315511
732.516100, 0.315435
732.526100, 0.315359
732.536100, 0.315283
732.546100, 0.315207
732.556100, 0.315131
732.566100, 0.315054
732.576100, 0.314978
732.586100, 0.314902
732.596100, 0.314826
732.606100, 0.314750
732.616100, 0.314674
732.626100, 0.314598
732.636100, 0.314522
732.646100, 0.314445
732.656100, 0.314369
732.666100, 0.314293
732.676100, 0.314217
732.686100, 0.314141
732.696100, 0.314065
732.706100, 0.313989
732.716100, 0.313912
732.726100, 0.313836
732.736100, 0.313760
732.746100, 0.313684
732.756100, 0.313608
732.766100, 0.313532
732.776100, 0.313456
732.786100, 0.313380
732.796100, 0.313303
732.806100, 0.313227
732.816100, 0.313151
732.826100, 0.313075
732.836100, 0.312999
732.846100, 0.312923
